\begin{table}[htbp]
\centering
\caption{Verification results for Model 239, Property $\mathbf{p_{3}}$}
\label{tab:model239_r3_part2}
\begin{tabular}{lrrrrr}
\toprule
$\varepsilon$ & $\epsilon_{\scriptscriptstyle\mathrm{PGD}}$ & Unsafe & Safe & Unknown & Time (s) \\
\midrule
3 & 0 & 67 & 22 & 11 & 19.65 \\
3 & 10 & 0 & 100 & 0 & 2.96 \\
3 & 20 & 1 & 98 & 1 & 3.74 \\
3 & 30 & 7 & 93 & 0 & 3.10 \\
5 & 0 & 68 & 3 & 29 & 32.16 \\
5 & 10 & 9 & 89 & 2 & 6.43 \\
5 & 20 & 4 & 92 & 4 & 7.28 \\
5 & 30 & 13 & 82 & 5 & 8.29 \\
10 & 0 & 69 & 0 & 31 & 30.84 \\
10 & 10 & 59 & 25 & 16 & 22.52 \\
10 & 20 & 32 & 16 & 52 & 46.65 \\
10 & 30 & 23 & 18 & 59 & 50.23 \\
20 & 0 & 76 & 0 & 24 & 21.50 \\
20 & 10 & 68 & 0 & 32 & 28.98 \\
20 & 20 & 73 & 0 & 27 & 31.20 \\
20 & 30 & 78 & 0 & 22 & 27.87 \\
3 & 0 & 68 & 16 & 16 & 20.47 \\
3 & 10 & 51 & 48 & 1 & 7.37 \\
3 & 20 & 32 & 64 & 4 & 9.68 \\
3 & 30 & 60 & 39 & 1 & 9.16 \\
5 & 0 & 68 & 2 & 30 & 29.43 \\
5 & 10 & 62 & 36 & 2 & 8.49 \\
5 & 20 & 47 & 41 & 12 & 17.02 \\
5 & 30 & 75 & 11 & 14 & 20.15 \\
10 & 0 & 69 & 0 & 31 & 28.58 \\
10 & 10 & 67 & 23 & 10 & 14.95 \\
10 & 20 & 71 & 11 & 18 & 23.33 \\
10 & 30 & 84 & 0 & 16 & 21.57 \\
20 & 0 & 77 & 0 & 23 & 21.89 \\
20 & 10 & 68 & 0 & 32 & 27.54 \\
20 & 20 & 73 & 0 & 27 & 26.50 \\
20 & 30 & 86 & 0 & 14 & 16.55 \\
\bottomrule
\end{tabular}
\end{table}
